0	0	1	2	3	4	5	6	7	8	9	10	
1	11	12	13	14	15	16	17	
2	18	19	20	21	22	23	24	25	0	26	
3	27	28	29	0	30	12	31	26	
4	32	33	34	35	36	37	3	38	39	40	41	42	
5	43	44	45	46	33	47	48	
6	49	50	51	52	53	
7	54	52	55	56	35	57	58	59	43	
8	60	61	62	50	63	64	58	65	66	67	
9	68	69	70	71	72	73	74	
10	75	76	77	37	78	79	80	81	65	82	83	84	85	71	
11	86	87	88	89	41	90	91	78	92	93	57	
12	94	48	95	96	97	98	56	99	100	101	
13	98	102	103	104	67	105	40	106	107	79	108	
14	109	110	111	112	113	114	10	115	
15	25	116	117	75	118	119	120	121	109	
16	122	123	120	124	125	107	126	
17	66	127	128	129	81	130	118	131	123	132	
18	77	133	125	134	135	119	136	137	138	
19	83	139	124	140	141	86	142	143	144	132	
