0	0	1			constraint 5
1	1	2			constraint 3
2	2	3
3	3	4
4	4	0
5	0	5			constraint 5
6	5	6			constraint 5
7	6	7			constraint 5
8	7	1			constraint 3
9	8	4
10	8	5
11	8	9
12	9	10
13	10	6
14	11	10			constraint 1
15	11	12			constraint 1
16	12	7			constraint 1
17	11	13
18	13	14
19	14	3
20	12	15			constraint 3
21	15	16
22	16	17
23	17	15			constraint 3
24	13	16
25	9	14
26	2	17			constraint 3
27	18	19
28	19	20
29	20	21
30	21	18
31	18	22			constraint 1
32	22	5			constraint 5
33	5	8
34	8	9
35	9	23
36	23	21
37	22	24			constraint 1
38	24	23
39	24	5			constraint 5
40	8	19
41	9	20
42	25	26			constraint 2
43	26	27			constraint 2
44	27	28			constraint 2
45	28	29
46	29	30
47	30	27
48	25	31			constraint 2
49	31	32			constraint 3
50	32	2			constraint 3
51	2	1			constraint 3
52	1	0			constraint 5
53	0	33			constraint 5
54	33	4
55	4	0
56	25	1			constraint 3
57	34	3
58	3	2
59	34	30
60	34	35
61	35	26			constraint 5
62	29	32
63	31	28			constraint 2
64	35	33			constraint 5
65	3	4
66	36	37
67	37	19
68	19	38
69	38	39
70	39	37
71	36	33			constraint 5
72	33	0			constraint 5
73	0	4
74	4	33
75	36	40			constraint 5
76	40	41			constraint 5
77	41	38
78	40	39
79	8	19
80	8	5
81	5	41			constraint 5
82	8	4
83	5	0			constraint 5
84	37	42
85	42	43
86	43	20
87	20	9
88	9	8
89	8	19
90	19	20
91	37	36
92	36	44			constraint 5
93	44	42
94	37	19
95	3	34
96	34	45
97	45	46
98	46	4
99	4	3
100	3	14
101	14	47
102	47	48
103	48	34
104	49	50
105	50	51
106	51	45
107	49	43
108	49	47
109	14	9
110	51	44			constraint 5
111	50	48
112	8	4
113	46	36
114	52	44			constraint 5
115	44	36			constraint 5
116	36	40			constraint 5
117	40	53			constraint 1
118	53	37
119	37	36
120	52	54			constraint 5
121	54	40			constraint 1
122	52	55
123	55	42
124	42	37
125	54	56			constraint 1
126	56	55
127	44	42
128	53	56			constraint 1
129	57	58
130	58	59
131	59	57
132	57	60
133	60	61			constraint 5
134	61	58
135	59	62
136	62	60			constraint 5
137	61	62			constraint 5
138	59	58
139	58	61
140	61	51			constraint 5
141	51	50
142	50	58
143	59	62
144	62	61			constraint 5
145	59	63
146	63	64
147	64	43
148	43	42
149	42	55
150	55	63
151	43	49
152	49	50
153	51	44			constraint 5
154	44	52			constraint 5
155	52	55
156	42	44
157	52	62			constraint 5
158	64	49
159	26	35			constraint 5
160	35	34
161	34	48
162	48	65
163	65	30
164	30	34
165	26	66			constraint 2
166	66	60			constraint 5
167	60	57
168	57	67
169	67	68			constraint 4
170	68	27			constraint 2
171	27	30
172	26	27			constraint 2
173	60	61			constraint 5
174	61	58
175	58	57
176	66	68			constraint 2
177	51	50
178	50	58
179	51	61			constraint 5
180	51	35			constraint 5
181	65	67
182	50	48
183	69	70
184	70	71
185	71	72
186	72	69
187	69	11			constraint 1
188	11	12			constraint 1
189	12	73
190	73	16
191	16	13
192	13	11
193	70	13
194	73	74
195	74	72
196	74	12			constraint 1
197	71	16
198	75	76
199	76	77
200	77	78
201	78	79
202	79	47
203	47	14
204	14	13
205	13	16
206	16	80
207	80	81
208	81	3
209	3	14
210	75	82
211	82	83
212	83	79
213	75	84
214	84	85
215	85	80
216	47	48
217	48	34
218	34	3
219	29	30
220	30	34
221	29	76
222	29	86
223	86	85
224	86	81
225	82	78
226	83	70
227	70	71
228	71	84
229	30	65
230	65	48
231	16	71
232	77	65
233	70	13
234	87	88			constraint 1
235	88	89
236	89	79
237	79	83
238	83	87
239	87	69			constraint 1
240	69	70
241	70	13
242	13	90
243	90	69
244	9	20
245	20	91
246	91	92
247	92	9
248	9	14
249	14	47
250	47	79
251	47	49
252	49	64
253	64	43
254	43	49
255	90	92
256	14	13
257	89	64
258	20	43
259	88	91
260	83	70
261	37	93
262	93	94
263	94	95
264	95	20
265	20	19
266	19	94
267	37	42
268	42	55
269	55	56
270	56	93
271	37	19
272	56	96			constraint 1
273	96	97
274	97	89
275	89	98
276	98	96
277	63	64
278	64	43
279	43	42
280	63	55
281	63	97
282	64	89
283	98	95
284	43	20
285	89	64
286	64	63
287	63	97
288	97	89
289	89	79
290	79	78
291	78	77
292	77	99
293	99	100
294	100	67
295	67	57
296	57	58
297	58	50
298	50	48
299	48	65
300	65	67
301	97	100
302	50	49
303	49	47
304	47	79
305	99	78
306	77	65
307	58	59
308	59	63
309	57	59
310	49	64
311	47	48
312	101	102			constraint 3
313	102	103
314	103	84
315	84	101
316	101	17			constraint 3
317	17	16
318	16	15
319	15	17			constraint 3
320	104	105			constraint 1
321	105	71
322	71	16
323	104	106			constraint 1
324	106	74			constraint 1
325	74	15			constraint 3
326	104	103
327	106	102			constraint 3
328	74	105			constraint 1
329	71	84
330	31	28			constraint 2
331	28	29
332	29	107
333	107	31
334	31	108			constraint 2
335	108	102			constraint 3
336	102	109
337	109	84
338	84	103
339	103	102
340	107	109
341	29	76
342	76	75
343	75	110
344	110	103
345	75	84
346	108	111			constraint 2
347	111	112
348	112	110
349	28	111			constraint 2
350	112	76
351	76	77
352	77	99
353	99	113
354	113	114
355	114	82
356	82	78
357	78	99
358	76	112
359	112	113
360	76	75
361	75	82
362	78	77
363	112	110
364	110	75
365	110	114
366	67	65
367	65	30
368	30	29
369	29	28
370	28	27			constraint 2
371	27	30
372	67	100
373	100	115
374	115	113
375	113	99
376	99	100
377	67	68			constraint 4
378	68	116			constraint 2
379	116	111			constraint 2
380	111	28			constraint 2
381	68	27			constraint 2
382	65	77
383	77	76
384	76	29
385	116	115
386	111	112
387	112	113
388	112	76
389	77	99
390	82	83
391	83	70
392	70	69
393	69	105			constraint 1
394	105	71
395	71	70
396	82	114
397	114	117
398	117	87			constraint 1
399	87	69			constraint 1
400	82	75
401	75	84
402	84	103
403	103	110
404	110	75
405	87	83
406	104	103
407	104	117			constraint 1
408	104	105			constraint 1
409	84	71
410	114	110
411	78	79
412	79	83
413	83	82
414	82	78
415	78	99
416	99	113
417	113	115
418	115	100
419	100	99
420	97	96
421	96	88			constraint 1
422	88	89
423	89	97
424	97	100
425	89	79
426	117	114
427	114	113
428	117	118			constraint 1
429	118	115
430	117	87			constraint 1
431	87	83
432	82	114
433	118	96			constraint 1
434	88	87			constraint 1
