0	0	-52	1	-51	2	-58	3	65	-99	4	55	-73	
1	5	-83	6	7	8	0	52	
2	-4	-55	73	-9	-82	-112	10	-33	80	-5	83	
3	9	82	112	-3	-65	99	-19	100	209	-25	109	-248	-11	-34	88	
4	11	34	-88	12	13	-6	-10	33	-80	
5	14	-12	25	-109	248	-18	204	256	-17	192	
6	15	188	16	-7	-13	-14	
7	17	-192	24	-191	205	-21	318	-20	-15	-188	
8	20	-23	319	-26	-1	51	-8	-16	
9	18	-204	-256	19	-100	-209	-2	58	26	-22	317	-24	191	-205	
10	21	-318	22	-317	23	-319	23	-319	
11	27	28	90	-265	29	30	
12	31	32	-10	33	-80	40	79	89	-27	
13	-30	-36	-38	-37	-31	
14	37	39	-32	
15	38	-35	-11	-34	88	10	-33	80	-39	
16	-29	-41	87	-244	35	36	
17	11	34	-88	41	-87	244	-28	-90	265	-40	-79	-89	-40	-79	-89	
18	42	-61	159	64	-53	72	0	-52	-56	
19	48	63	330	-44	370	-43	-172	-42	
20	56	1	-51	-50	-49	-48	
21	57	-95	218	3	65	-99	-54	74	-64	-60	160	
22	59	-164	-220	-46	-219	368	62	50	2	-58	-57	95	-218	
23	60	-160	61	-159	43	172	-47	171	371	-59	164	220	
24	46	219	-368	47	-171	-371	44	-370	45	331	-369	
25	-45	-331	369	-63	-330	49	-62	
26	53	-72	54	-74	4	55	-73	4	55	-73	
27	66	-91	-119	-75	-116	
28	71	54	-74	-9	-82	-112	40	79	89	-67	-94	-271	-66	91	119	
29	75	116	-5	83	53	-72	-71	
30	67	94	271	
31	9	82	112	4	55	-73	5	-83	-10	33	-80	
32	84	-124	267	85	-148	-279	86	-258	284	-28	-90	265	-67	-94	-271	
33	-66	91	119	92	-115	93	127	-156	-84	124	-267	
34	67	94	271	-40	-79	-89	9	82	112	-98	113	66	-91	-119	
35	-93	-127	156	-110	-153	-105	141	177	-104	-152	302	107	-151	-254	-85	148	279	
36	-57	95	-218	96	97	98	-3	-65	99	
37	-19	100	209	101	-203	249	102	216	311	103	-161	217	57	-95	218	
38	28	90	-265	-41	87	-244	-11	-34	88	40	79	89	
39	-103	161	-217	-111	-182	-298	105	-141	-177	106	-96	
40	104	152	-302	111	182	298	-102	-216	-311	-108	251	-303	
41	108	-251	303	-101	203	-249	-25	109	-248	41	-87	244	-86	258	-284	-107	151	254	
42	110	153	-92	115	-113	-97	-106	-106	
43	114	-154	93	127	-156	-123	149	268	-122	-155	
44	120	121	-75	-116	92	-115	-114	154	
45	122	155	-126	269	-125	-120	
46	125	-78	-121	
47	-66	91	119	75	116	78	70	
48	-70	126	-269	123	-149	-268	-84	124	-267	-84	124	-267	
49	129	-175	296	130	-138	307	131	-309	
50	132	-167	133	173	134	-139	174	-129	175	-296	
51	-131	309	135	143	136	-132	167	
52	-130	138	-307	-134	139	-174	137	-144	-135	-143	
53	-136	-137	144	-133	-173	-133	-173	
54	-130	138	-307	-142	-178	297	-104	-152	302	-158	252	310	-146	-277	286	-145	-308	
55	145	308	-150	280	-122	-155	157	-135	-143	
56	-85	148	279	-123	149	268	150	-280	146	277	-286	147	253	278	
57	-147	-253	-278	158	-252	-310	107	-151	-254	
58	-105	141	177	142	178	-297	-134	139	-174	140	-179	
59	-140	179	137	-144	-157	114	-154	-110	-153	
60	-61	159	-60	160	59	-164	-220	47	-171	-371	-43	-172	
61	165	166	133	173	140	-179	180	61	-159	
62	43	172	-170	-381	-176	-165	
63	-166	176	-169	-377	-168	295	132	-167	
64	-105	141	177	111	182	298	103	-161	217	60	-160	-180	
65	-59	164	220	-103	161	-217	162	-230	299	163	-229	367	
66	-163	229	-367	181	300	-366	169	377	170	381	-47	171	371	
67	168	-295	-181	-300	366	-162	230	-299	-111	-182	-298	142	178	-297	-129	175	-296	-129	175	-296	
68	183	240	-392	184	227	-395	
69	187	17	-192	-193	-233	-241	-183	-240	392	
70	196	-15	-188	-187	
71	193	233	241	24	-191	205	-197	231	-322	-184	-227	395	
72	190	-24	191	-205	-17	192	15	188	189	
73	194	197	-231	322	-190	
74	-189	-196	-194	-194	
75	198	-342	-360	-221	-341	384	222	223	-214	-213	-345	-401	
76	210	361	-400	225	356	414	-200	291	362	-199	-351	383	-198	342	360	
77	213	345	401	-228	-329	409	-184	-227	395	-226	-260	-391	-211	-390	413	-210	-361	400	
78	-202	250	304	-212	237	412	226	260	391	193	233	241	18	-204	-256	101	-203	249	
79	102	216	311	162	-230	299	-232	-306	382	200	-291	-362	201	-290	411	202	-250	-304	
80	46	219	-368	-59	164	220	57	-95	218	-208	-224	-222	
81	221	341	-384	199	351	-383	232	306	-382	163	-229	367	-46	-219	368	
82	224	-207	-215	-223	
83	211	390	-413	212	-237	-412	-201	290	-411	-225	-356	-414	
84	208	-19	100	209	-18	204	256	24	-191	205	206	207	
85	-197	231	-322	228	329	-409	214	215	-206	
86	234	-434	235	422	236	289	425	-212	237	412	238	-405	-431	
87	239	399	-243	255	-246	-259	-234	434	
88	-238	405	431	226	260	391	-183	-240	392	-239	-399	
89	41	-87	244	245	246	247	
90	-247	-255	-242	18	-204	-256	-25	109	-248	
91	-202	250	304	-236	-289	-425	257	-282	285	158	-252	-310	108	-251	303	
92	183	240	-392	193	233	241	242	243	
93	-235	-422	259	-245	-86	258	-284	-147	-253	-278	-257	282	-285	
94	-67	-94	-271	
95	67	94	271	28	90	-265	-86	258	-284	-85	148	279	-84	124	-267	
96	272	
97	126	-269	150	-280	281	287	-273	420	-272	
98	146	277	-286	-257	282	-285	-274	-288	423	-281	-287	
99	147	253	278	86	-258	284	-264	257	-282	285	
100	273	-420	274	288	-423	
101	264	-28	-90	265	
102	236	289	425	202	-250	-304	-108	251	-303	-158	252	310	-257	282	-285	
103	-274	-288	423	301	424	-293	-376	419	305	-357	-415	201	-290	411	-236	-289	-425	
104	-281	-287	-145	-308	131	-309	168	-295	-294	372	-301	-424	
105	-181	-300	366	-232	-306	382	292	352	389	293	376	-419	294	-372	
106	142	178	-297	130	-138	307	145	308	146	277	-286	158	-252	-310	104	152	-302	
107	-292	-352	-389	200	-291	-362	-305	357	415	
108	-129	175	-296	-131	309	-130	138	-307	-130	138	-307	
109	312	313	-339	314	-338	-402	315	
110	316	23	-319	-325	-324	327	-312	
111	-315	-228	-329	409	197	-231	322	22	-317	-316	
112	-185	228	329	-409	-314	338	402	-326	-406	
113	323	324	195	
114	326	406	-313	339	-327	-323	
115	-197	231	-322	185	-195	325	21	-318	21	-318	
116	334	346	-349	380	-63	-330	
117	-335	-334	
118	-45	-331	369	349	-380	347	386	350	-358	388	-221	-341	384	
119	343	-364	-404	344	-403	314	-338	-402	-213	-345	-401	
120	198	-342	-360	-350	358	-388	348	363	-343	364	404	
121	335	313	-339	-344	403	-348	-363	-347	-386	-346	
122	199	351	-383	200	-291	-362	-225	-356	-414	-210	-361	400	198	-342	-360	
123	-350	358	-388	359	387	-353	375	-416	-292	-352	-389	-199	-351	383	
124	225	356	414	-305	357	415	353	-375	416	354	-427	355	-396	-432	
125	-355	396	432	-365	410	-343	364	404	210	361	-400	
126	348	363	365	-410	-354	427	-359	-387	-359	-387	
127	-294	372	-293	-376	419	-292	-352	-389	232	306	-382	181	300	-366	
128	169	377	378	385	-373	418	294	-372	
129	170	381	44	-370	349	-380	-379	-378	
130	-44	370	-47	171	371	-46	-219	368	-45	-331	369	
131	379	347	386	359	387	-374	417	-385	
132	373	-418	374	-417	-353	375	-416	293	376	-419	293	376	-419	
133	-355	396	432	397	-426	398	430	-238	405	431	-211	-390	413	
134	239	399	183	240	-392	-226	-260	-391	238	-405	-431	
135	-398	-430	-407	186	-239	-399	
136	326	406	314	-338	-402	-228	-329	409	185	
137	407	-397	426	-365	410	344	-403	-326	-406	
138	-184	-227	395	-183	-240	392	-186	-185	-185	
139	-305	357	415	293	376	-419	-301	-424	274	288	-423	236	289	425	-201	290	-411	
140	-273	420	421	235	422	-274	-288	423	
141	301	424	373	-418	-429	433	273	-420	
142	-397	426	355	-396	-432	211	390	-413	238	-405	-431	-398	-430	
143	428	429	374	-417	354	-427	397	-426	
144	398	430	234	-434	-421	-433	-428	
