0.523023	0.491079	0.000000			constraint 5
0.488177	0.000000	0.000000			constraint 3
0.516640	0.000000	0.318191			constraint 3
0.539603	0.429623	0.234099
0.528177	0.513428	0.039887
0.149723	0.463762	0.000000			constraint 5
0.000000	0.103269	0.000000			constraint 5
0.000000	0.000000	0.000000			fixed
0.066700	0.628726	0.310499
0.061226	0.627343	0.320537
0.000000	0.555779	0.385087			constraint 1
0.000000	0.458130	0.443654			constraint 1
0.000000	0.000000	0.264391			constraint 1
0.325899	0.298435	0.424313
0.470492	0.441804	0.287248
0.472311	0.000000	0.326921			constraint 3
0.472264	0.048857	0.346033
0.512056	0.000000	0.321841			constraint 3
0.000000	0.685547	0.318451			constraint 1
0.006979	0.681106	0.322417
0.010331	0.669243	0.334657
0.000000	0.661695	0.343783
0.000000	0.585713	0.000000			constraint 1
0.000000	0.555779	0.385087
0.000000	0.103269	0.000000			constraint 1
1.000000	0.000000	0.000000			fixed
1.000000	0.686677	0.000000			constraint 2
1.000000	0.606908	0.336558			constraint 2
1.000000	0.389884	0.431864			constraint 2
0.851076	0.433214	0.418755
0.805685	0.569487	0.360715
1.000000	0.000000	0.456533			constraint 2
0.715734	0.000000	0.436745			constraint 3
0.545749	0.557003	0.000000			constraint 5
0.657828	0.566052	0.273452
0.593645	0.620395	0.000000			constraint 5
0.279808	0.876310	0.000000			constraint 5
0.007576	0.690675	0.316074
0.000000	0.685547	0.318451			constraint 1
0.000000	0.690547	0.315092			constraint 1
0.000000	0.852899	0.000000			constraint 1
0.000000	0.585713	0.000000			constraint 1
0.212412	0.907430	0.377003
0.282331	0.865844	0.482120
0.288111	0.884459	0.000000			constraint 5
0.593645	0.620395	0.000000
0.545749	0.557003	0.000000
0.550171	0.650724	0.410666
0.643882	0.659045	0.359173
0.365469	0.822452	0.472335
0.635597	0.685171	0.358039
0.555540	0.743466	0.000000			constraint 5
0.330690	1.000000	0.000000			constraint 4
0.000000	0.690547	0.315092			constraint 1
0.000000	1.000000	0.000000			fixed
0.242348	1.000000	0.395721			constraint 4
0.000000	1.000000	0.364966			constraint 1
0.730211	1.000000	0.478132			constraint 4
0.635261	0.707369	0.361688
0.366944	1.000000	0.500089			constraint 4
0.581269	1.000000	0.000000			constraint 4
0.550366	0.845882	0.000000			constraint 5
0.416239	1.000000	0.000000			constraint 4
0.328621	1.000000	0.513205			constraint 4
0.300363	0.878814	0.503587
0.743291	0.673505	0.430075
1.000000	1.000000	0.000000			fixed
0.870463	1.000000	0.574601			constraint 4
1.000000	1.000000	0.545252			constraint 2
0.000000	0.565720	0.788511			constraint 1
0.281315	0.404377	0.696508
0.281586	0.403957	0.696713
0.000000	0.376159	0.999182			constraint 1
0.472311	0.000000	0.326921
0.000000	0.000000	0.852449			constraint 1
0.580858	0.353656	0.877406
0.838818	0.445009	0.447853
0.708729	0.675756	0.567625
0.551562	0.668903	0.812262
0.416538	0.650325	0.739638
0.512056	0.000000	0.321841
0.516640	0.000000	0.318191
0.546958	0.655849	0.823925
0.408768	0.641125	0.744715
0.552454	0.246929	0.872672
0.647826	0.000000	0.562768
0.715734	0.000000	0.436745
0.000000	0.631087	0.807475			constraint 1
0.000000	0.659221	0.795346			constraint 1
0.258666	0.847600	0.677160
0.000000	0.458130	0.443654
0.000000	0.661695	0.343783
0.000000	0.555779	0.385087
0.000000	0.690547	0.315092			constraint 1
0.000000	0.685547	0.318451			constraint 1
0.000000	0.661695	0.343783			constraint 1
0.000000	1.000000	0.918123			constraint 1
0.290277	1.000000	0.709330			constraint 4
0.000000	0.659221	0.795346			constraint 1
0.705445	0.845924	0.910995
0.770254	1.000000	0.960724			constraint 4
0.647826	0.000000	0.562768			constraint 3
0.663255	0.000000	1.000000			constraint 3
0.582749	0.186998	1.000000			constraint 6
0.000000	0.375837	1.000000			constraint 1
0.000000	0.376159	0.999182			constraint 1
0.000000	0.000000	1.000000			fixed
0.715734	0.000000	0.436745			constraint 3
1.000000	0.000000	1.000000			fixed
0.647826	0.000000	0.562768			constraint 3
0.634515	0.393771	1.000000			constraint 6
1.000000	0.544796	1.000000			constraint 2
0.953253	0.559519	1.000000			constraint 6
0.737435	0.846382	1.000000			constraint 6
0.625154	0.678987	1.000000			constraint 6
0.784308	1.000000	1.000000			constraint 4
1.000000	1.000000	1.000000			fixed
0.000000	0.652806	1.000000			constraint 1
0.000000	1.000000	1.000000			fixed
